# Last 10,000 decimal digits of Graham's number
# Generated with tools/generate_graham_last_digits_fast.py, M.M.W. van Dinteren June 2026
# SHA-256: 930f27ca0d3fdc3bbd8f7fa1ade89da1b45f2568147d799771d83ac2e8cf6f96

3078726077030301309631860565499591166728394144521822940211684925744690830316086262130785618226100420
3129683467872420025335707165042882886038152789058317773474348899936322170937718870530216134008262310
4165260987246952238118052089370109510574669520144780688104556694095300305020796302510893145817778206
8496837757322945657846959175109945261571525815313383171441763572462779809715173494067855792793530636
1799375225736128203014738644894060908285111968122348838128265364129352357585055665222732998513867089
8557584476483711157794540071886314865346118541307684649540838335805841695412280766038020711553526827
0916958794751064250768903277826708848390877435531688133831988779505683625673270427786212688069705881
0276174028639378952134276596828174174610570754797760763975177038244691206302431091517315155467202072
0329805779214569991795690518659602446902727421727914143041586731965728714026800865231529131626182065
2195021921091461070451907392628396743433966206832681974497464193534150297618059752197469899167905539
5124074962402230677536511320022781705028422736714974917940328026990701610033171788550432086550461846
7657949795833488872938096176598272350673735136562412993356159242040336658602637646351364450901965169
9124680317010358130680488712325198535829916206382631701477832698324585503287762867838791720029901423
5470730860078246092342827582249084362130009203937656462657958086964494023780323916935845145868457435
0019308749993296237589317856219609033942624384808517627658437282947072825459994841597065982195886498
2353541909598033354078979538256357245359747368737720544909862394110578904843360397740815782128903796
6848053431016124544745916541016506939613772718827754458519739678157297962665947389460971695719221517
2421922975967039257161673139142478027719425613338419090703013839394290231456328385881249761372795027
7408609617924467961860253763582154973363203811166858264982706857348079908854558691236991819878323695
9935529511307212476357875208417641738390711011041222586727519228928871964307453282154261444871750080
9524212363637681396107774952353201683350142428109136897852904313178813533335511088902235947721071584
9496037260619984908856098462387682166967457951388588832356929998573679542011111185463440443504567679
4013567654575959588995123046187234360352179388919620502675088642348973119541626554168565634601351948
6952120940375141531409940727194827737444125469505369707041139086485872085962555419590302380606291371
6913872285547779439802507677323967059172076874746728446540634181380341294304360976602155423367112057
3908174234611757441182401340023387742371044080109403016487062327491837814787657637545981015382140877
1492232645152583269011079916677544344235383748154740310088063794659755273784075854629840335173116218
2383124376404468239965615920828447876334410730503146643034564958892386400206720157774336643971046097
1913397786711927076109359761269701118640088324214111573518542523175301843733360244467851085922810947
9432808176387274946992467944754462151350536784408285208823099795808022789783229887461982654201673541
3058821008184742832774323554162170468091396741777275954763659384746126135206252864936155799330878658
8372750302316984606262438168631582376854626680669440523593449818162301893013093540067002484335872199
0031586393652737158196601182674381938558271922364884062024988470939591944101203140452277315157935152
5369364934250530932709877378035492327740781679794020867401382441063153368792024085513096521839198783
9701595261945247497831763450966138354215340807779927410436230549205899966191897479395002808032068505
2798877144984365085442674905448699279843309239159997374495902995758836342736416156302674815385258930
3542350028921428192299937990553925840346317974076455080900183501257672002542134775436857784125821479
3482088528352847344639514454977400691547570014736262935639641159974506376325912076020850653315181912
9762752491652828332747044548722043120979418180083752428818078674095362570702391612862557434009942049
4628683883364612475194501407401023508584105029555399601882357799580811904419558955154139962907362641
4160325991086744021476067373027068590098699892419661140924772407789976751585993614061850356986544196
2523820349275896762389912155578594439247420428277018540432967913180650401616546821719644550936450059
5583090752015617577969861470976788938740200600298288287888330891308863372281972862545180083840021672
4842196639874673295077669833180844718217934117100532029967392340428998085682754345780727803362250745
5463530345250204702677331808594027683703130852443722725464863136529909085254085273681170059892566149
8015963926725007451760685374013593406210074607565408138965932473526208240166197001865513821872977219
4984631690074908273780942640560828392716365528488396038262882923598951206992594243929750749821816437
8334632464545517637327576552767605905826939724969245329980923380190551831802463416887618541048817756
2238555312340229579691441224836406466849925916755964304671002296817244339224792182135995868969341492
3690776243056770164822502041983470306716296896922618604046908954485889134827527466731552085587141664
3581761678324893080737347771500148013131587209317321702788101484652372319805697743503320382339758320
4572679056665163384206828154569492848663342244546199583745072045676450877888344038541732328611318923
2593924254972445400486223063044736130616030903787158005844807935795211369587052505766615728457779349
6116067281346768791824682195181011428216661867855439709616100093982954938824332804674688069413764541
9312656040579178637117177943045842310215962335897648040548118226228812074485140806951381912453398593
0930717606840321018628505400797648371363380891593720550471092872187099316006161890897978303030444170
7453650131619894698610993458668339554364084020023399067051642966934860002757031930895739506122134584
8777985085039705997484485916440720079353674931755601598637467305207478401560537634591003869599679216
6640248506515197217829273401149317749816194276105539534121457385438696014234761510641208167867115666
2702698141239492735346736586313627913641108525012050290229578455537100879820969021067093119691264011
6890994860631661623029239021952996755265559863920683308147116960714352791663526018457510911413391101
5135583100516372741567444562185804038832463487667167911210596640361544098108142733814394129952702989
2826770576819833183484511576323445763461588558180723948837731724171820914217827456505430234904693165
7016237345668584450386474453301178678720075637289970867637583657220506249130161043345591395584106522
5929205594669325571087621309871185323210519669970472563806451302825504044729772375285018033148105640
4968157353906178527859876031314086506853008091920000307935054937370834879297228686705737558209959799
6062271093129807288803111878482656433147839454451681498037635809482736192155807152035358264556188899
9676781093466973024354169692516472170626235239690360885242408899737975229765686512212364606700882735
5502528051626887177430022424301781530961398792275570970221443057790329335567051650934703248833671211
2602154912437814560556321802522593943710111389180996687955300606304861015768885793044484950849027511
0106029803619475963780866084863862122324538632723342196159851036070658369525130441258354480792455121
7328349121977645145493850412041271265386461162817130451299228861247316892869470860791609381057953424
5595047488661792705805611638691121214173755533293177242180435450268974174513646191492581846088732360
7368390107527538124040273298462966021077132177859353179083167201454781721677678183700692543963587784
7738182183228233866295575976657635260374696238827349702617184605080416439674463948222266047262800922
1300684690371447933831170282623828411960337825891780755617449686306276313945559616369461957875659406
8554960626645211050200344636078639152176612841273246755062872676148243079798928244275312027774818688
7250109520756590181937968438911972868200142926836525620315535316031054689168530193382247473816979430
5170907203165619769535061113213915856256182466140044804883540045325701170695182626343479358841347458
6938545913191359560294603491237571956426228537158608125516450896261346009079848578477972053071451865
1467541231788838473800934334416537673360563987415268388371357021948650749596661674361929336458849980
5610069710479310067941520844536138309110216300174376549196848839204372584196015037847845160671512017
1988011575470848839395930536505560788721599947502214422148348268144787270731001365537383577746098505
8660126400761294233523262553133073942052007839547749762554111899859772880815945865752809988634672233
4769804780146302789353612329312586963866559329949214911489134763214665431430327265694776188950386753
8372033508034358690038674211367316517236211325624799750677029423570505691130506597435265525655365427
6889526636039113599266898973424482260149357450774455605063832660947354225436035086748553424846106273
0568553479479128201952057764356476946631666382295000482800518276153635138000943232486790210617024259
4402920948494195453674180645193081051633574968716381188225041145015870370194056806480050225768533805
5303051833680912718114908175394843002680841043795561481048315835447210850384076723823375354333111031
6978901699965907036875647695714199517294684058268271081207938885760678089057660597351282040660918730
7108483992113117957918089160673029776868734932638038255189701221105348188614158487485192009852610652
5203948232207371149341083916873785440379860336844847205272924839075786661780552941415711936660308189
2881936678774148231780172812693498573578327095075857659197494703919315296759666923404880302362447049
1035317809082261167469507746419128772824433058323950925254993550925261685724595657413179344167501485
0242595069506473839565747913651935179833453536252143003540126026771622672160419810652263169355188780
3881448314065252616878509555264605107117200099709291249544378887496062882911725063001303622934916080
2545946149457887142783235082924210209182589675356043086993801689249889268099510169055919951195027887
1783083701834023647454888222216157322801013297450927344594504343300901096928025352751833289884461508
9404248265018193851562535796399618993967905496638003222348723967018485186439059104575627262464195387
